1.284628518628638250e-01 1.284628518628638250e-01 1.284628518628638250e-01 1.284628518628638250e-01 1.284628518628638250e-01 1.284628518628638250e-01
3.284628518628638361e-01 6.787220682833419727e-02 3.284628518628638361e-01 3.284628518628638361e-01 3.284628518628638361e-01 3.284628518628638361e-01
5.284628518628637917e-01 1.018600844207739470e-01 5.284628518628637917e-01 5.284628518628637917e-01 5.284628518628637917e-01 5.284628518628637917e-01
7.284628518628638583e-01 3.463833211011341229e-02 7.284628518628638583e-01 7.284628518628638583e-01 7.284628518628638583e-01 7.284628518628638583e-01
9.284628518628638139e-01 1.838754805421148331e-01 9.284628518628638139e-01 9.284628518628638139e-01 9.284628518628638139e-01 9.284628518628638139e-01
6.787220682833419727e-02 3.284628518628638361e-01 2.678722068283342361e-01 4.678722068283341917e-01 6.678722068283342583e-01 8.678722068283342139e-01
2.678722068283342361e-01 2.678722068283342361e-01 4.678722068283341917e-01 6.678722068283342583e-01 8.678722068283342139e-01 6.787220682833419727e-02
4.678722068283341917e-01 3.018600844207739442e-01 6.678722068283342583e-01 8.678722068283342139e-01 6.787220682833419727e-02 2.678722068283342361e-01
6.678722068283342583e-01 2.346383321101133956e-01 8.678722068283342139e-01 6.787220682833419727e-02 2.678722068283342361e-01 4.678722068283341917e-01
8.678722068283342139e-01 3.838754805421148442e-01 6.787220682833419727e-02 2.678722068283342361e-01 4.678722068283341917e-01 6.678722068283342583e-01
1.018600844207739470e-01 5.284628518628637917e-01 5.018600844207738998e-01 9.018600844207739220e-01 3.018600844207739442e-01 7.018600844207739664e-01
3.018600844207739442e-01 4.678722068283341917e-01 7.018600844207739664e-01 1.018600844207739470e-01 5.018600844207738998e-01 9.018600844207739220e-01
5.018600844207738998e-01 5.018600844207738998e-01 9.018600844207739220e-01 3.018600844207739442e-01 7.018600844207739664e-01 1.018600844207739470e-01
7.018600844207739664e-01 4.346383321101134345e-01 1.018600844207739470e-01 5.018600844207738998e-01 9.018600844207739220e-01 3.018600844207739442e-01
9.018600844207739220e-01 5.838754805421147998e-01 3.018600844207739442e-01 7.018600844207739664e-01 1.018600844207739470e-01 5.018600844207738998e-01
3.463833211011341229e-02 7.284628518628638583e-01 6.346383321101134456e-01 2.346383321101133956e-01 8.346383321101134012e-01 4.346383321101134345e-01
2.346383321101133956e-01 6.678722068283342583e-01 8.346383321101134012e-01 4.346383321101134345e-01 3.463833211011341229e-02 6.346383321101134456e-01
4.346383321101134345e-01 7.018600844207739664e-01 3.463833211011341229e-02 6.346383321101134456e-01 2.346383321101133956e-01 8.346383321101134012e-01
6.346383321101134456e-01 6.346383321101134456e-01 2.346383321101133956e-01 8.346383321101134012e-01 4.346383321101134345e-01 3.463833211011341229e-02
8.346383321101134012e-01 7.838754805421148664e-01 4.346383321101134345e-01 3.463833211011341229e-02 6.346383321101134456e-01 2.346383321101133956e-01
1.838754805421148331e-01 9.284628518628638139e-01 9.838754805421148220e-01 7.838754805421148664e-01 5.838754805421147998e-01 3.838754805421148442e-01
3.838754805421148442e-01 8.678722068283342139e-01 1.838754805421148331e-01 9.838754805421148220e-01 7.838754805421148664e-01 5.838754805421147998e-01
5.838754805421147998e-01 9.018600844207739220e-01 3.838754805421148442e-01 1.838754805421148331e-01 9.838754805421148220e-01 7.838754805421148664e-01
7.838754805421148664e-01 8.346383321101134012e-01 5.838754805421147998e-01 3.838754805421148442e-01 1.838754805421148331e-01 9.838754805421148220e-01
9.838754805421148220e-01 9.838754805421148220e-01 7.838754805421148664e-01 5.838754805421147998e-01 3.838754805421148442e-01 1.838754805421148331e-01
