2.332415837467589209e-02 2.332415837467589209e-02 2.332415837467589209e-02 2.332415837467589209e-02 2.332415837467589209e-02 2.332415837467589209e-02
2.233241583746758963e-01 1.818553551258689505e-01 2.233241583746758963e-01 2.233241583746758963e-01 2.233241583746758963e-01 2.233241583746758963e-01
4.233241583746759074e-01 1.412741363622439794e-01 4.233241583746759074e-01 4.233241583746759074e-01 4.233241583746759074e-01 4.233241583746759074e-01
6.233241583746759185e-01 8.289933196510694546e-02 6.233241583746759185e-01 6.233241583746759185e-01 6.233241583746759185e-01 6.233241583746759185e-01
8.233241583746758741e-01 6.964915642311397814e-02 8.233241583746758741e-01 8.233241583746758741e-01 8.233241583746758741e-01 8.233241583746758741e-01
1.818553551258689505e-01 2.233241583746758963e-01 3.818553551258689338e-01 5.818553551258689449e-01 7.818553551258690115e-01 9.818553551258689671e-01
3.818553551258689338e-01 3.818553551258689338e-01 5.818553551258689449e-01 7.818553551258690115e-01 9.818553551258689671e-01 1.818553551258689505e-01
5.818553551258689449e-01 3.412741363622439628e-01 7.818553551258690115e-01 9.818553551258689671e-01 1.818553551258689505e-01 3.818553551258689338e-01
7.818553551258690115e-01 2.828993319651069704e-01 9.818553551258689671e-01 1.818553551258689505e-01 3.818553551258689338e-01 5.818553551258689449e-01
9.818553551258689671e-01 2.696491564231139892e-01 1.818553551258689505e-01 3.818553551258689338e-01 5.818553551258689449e-01 7.818553551258690115e-01
1.412741363622439794e-01 4.233241583746759074e-01 5.412741363622439739e-01 9.412741363622438850e-01 3.412741363622439628e-01 7.412741363622439295e-01
3.412741363622439628e-01 5.818553551258689449e-01 7.412741363622439295e-01 1.412741363622439794e-01 5.412741363622439739e-01 9.412741363622438850e-01
5.412741363622439739e-01 5.412741363622439739e-01 9.412741363622438850e-01 3.412741363622439628e-01 7.412741363622439295e-01 1.412741363622439794e-01
7.412741363622439295e-01 4.828993319651069815e-01 1.412741363622439794e-01 5.412741363622439739e-01 9.412741363622438850e-01 3.412741363622439628e-01
9.412741363622438850e-01 4.696491564231140003e-01 3.412741363622439628e-01 7.412741363622439295e-01 1.412741363622439794e-01 5.412741363622439739e-01
8.289933196510694546e-02 6.233241583746759185e-01 6.828993319651069926e-01 2.828993319651069704e-01 8.828993319651068372e-01 4.828993319651069815e-01
2.828993319651069704e-01 7.818553551258690115e-01 8.828993319651068372e-01 4.828993319651069815e-01 8.289933196510694546e-02 6.828993319651069926e-01
4.828993319651069815e-01 7.412741363622439295e-01 8.289933196510694546e-02 6.828993319651069926e-01 2.828993319651069704e-01 8.828993319651068372e-01
6.828993319651069926e-01 6.828993319651069926e-01 2.828993319651069704e-01 8.828993319651068372e-01 4.828993319651069815e-01 8.289933196510694546e-02
8.828993319651068372e-01 6.696491564231139559e-01 4.828993319651069815e-01 8.289933196510694546e-02 6.828993319651069926e-01 2.828993319651069704e-01
6.964915642311397814e-02 8.233241583746758741e-01 8.696491564231140226e-01 6.696491564231139559e-01 4.696491564231140003e-01 2.696491564231139892e-01
2.696491564231139892e-01 9.818553551258689671e-01 6.964915642311397814e-02 8.696491564231140226e-01 6.696491564231139559e-01 4.696491564231140003e-01
4.696491564231140003e-01 9.412741363622438850e-01 2.696491564231139892e-01 6.964915642311397814e-02 8.696491564231140226e-01 6.696491564231139559e-01
6.696491564231139559e-01 8.828993319651068372e-01 4.696491564231140003e-01 2.696491564231139892e-01 6.964915642311397814e-02 8.696491564231140226e-01
8.696491564231140226e-01 8.696491564231140226e-01 6.696491564231139559e-01 4.696491564231140003e-01 2.696491564231139892e-01 6.964915642311397814e-02
