7.784351549874637399e+00 1.821157129657159368e-01 1.821157129657159590e+00 9.496199815200233596e-01 2.094870252043322001e+00 6.270777111177182839e+00
4.277396458271391033e+00 1.669680517070835368e-01 2.321157129657159590e+00 1.649619981520023426e+00 6.624561398987899530e+00 7.470777111177183016e+00
3.152396458271391033e+00 1.754650211051934916e-01 2.821157129657159590e+00 2.349619981520023160e+00 2.094870252043321912e+01 8.670777111177182306e+00
2.027396458271391033e+00 1.586595830275283614e-01 3.321157129657159590e+00 3.049619981520023337e+00 6.624561398987898997e+01 9.870777111177183372e+00
9.023964582713919214e-01 1.959688701355287166e-01 3.821157129657159590e+00 3.749619981520023515e+00 2.094870252043322125e+02 1.107077711117718266e+01
1.473357132072116649e+01 2.321157129657159535e-01 2.169680517070835535e+00 2.137552723899169393e+00 4.673911847130930397e+01 1.070723324097000528e+01
4.618218836590619603e+00 2.169680517070835535e-01 2.669680517070835535e+00 2.837552723899170015e+00 1.478020701977846727e+02 5.907233240970005461e+00
3.493218836590620491e+00 2.254650211051934805e-01 3.169680517070835535e+00 3.537552723899169749e+00 1.478020701977846629e+00 7.107233240970005639e+00
2.368218836590620047e+00 2.086595830275283503e-01 3.669680517070835535e+00 7.375527238991697043e-01 4.673911847130931108e+00 8.307233240970004928e+00
1.243218836590620491e+00 2.459688701355287055e-01 1.669680517070835535e+00 1.437552723899169882e+00 1.478020701977846763e+01 9.507233240970005994e+00
9.817388289892818420e+00 2.821157129657159146e-01 2.754650211051934861e+00 3.656510295472708894e+00 5.683949504467173064e+00 9.711160506524644020e+00
4.427037025133146564e+00 2.669680517070835424e-01 3.254650211051934861e+00 8.565102954727088491e-01 1.797422653950167160e+01 1.091116050652464331e+01
3.302037025133147008e+00 2.754650211051934416e-01 3.754650211051934861e+00 1.556510295472708805e+00 5.683949504467173597e+01 6.111160506524643488e+00
2.177037025133146564e+00 2.586595830275283392e-01 1.754650211051934861e+00 2.256510295472708538e+00 1.797422653950167160e+02 7.311160506524643665e+00
1.052037025133146564e+00 2.959688701355286944e-01 2.254650211051934861e+00 2.956510295472708716e+00 1.797422653950167204e+00 8.511160506524642955e+00
2.886975033385133216e+01 3.321157129657159590e-01 3.086595830275283614e+00 1.321234162385396926e+00 1.220663139339495302e+02 8.107829992660679608e+00
4.805159381880612202e+00 3.169680517070835313e-01 3.586595830275283614e+00 2.021234162385397326e+00 1.220663139339495107e+00 9.307829992660680674e+00
3.680159381880612202e+00 3.254650211051934861e-01 1.586595830275283614e+00 2.721234162385397060e+00 3.860075776124286762e+00 1.050782999266067996e+01
2.555159381880612202e+00 3.086595830275283836e-01 2.086595830275283614e+00 3.421234162385396793e+00 1.220663139339495373e+01 5.707829992660680141e+00
1.430159381880612202e+00 3.459688701355286833e-01 2.586595830275283614e+00 6.212341623853969708e-01 3.860075776124287472e+01 6.907829992660680318e+00
5.438463013403029400e+00 3.821157129657159479e-01 3.959688701355287055e+00 3.243564181897402143e+00 2.881964994233458910e+01 7.803252883252689287e+00
3.965700421950604238e+00 3.669680517070835757e-01 1.959688701355287055e+00 3.943564181897401877e+00 9.113573518651759287e+01 9.003252883252688576e+00
2.840700421950604682e+00 3.754650211051934749e-01 2.459688701355287055e+00 1.143564181897402054e+00 2.881964994233458697e+02 1.020325288325268964e+01
1.715700421950604238e+00 3.586595830275283170e-01 2.959688701355287055e+00 1.843564181897402010e+00 2.881964994233458643e+00 1.140325288325268893e+01
5.907004219506051257e-01 3.959688701355287277e-01 3.459688701355287055e+00 2.543564181897401966e+00 9.113573518651758576e+00 6.603252883252689109e+00
